
Truth Values | Predictions
    3.400         3.884
    3.500         3.913
    4.300         3.917
    4.300         4.043
    3.500         3.897
    3.700         3.939
    3.500         3.821
    3.700         3.698
    3.400         3.749
    4.200         4.008
    3.900         3.796
    3.700         3.864
    3.800         3.710
    3.400         4.041
    4.300         4.041
    3.900         4.006
    4.000         3.972
    3.600         4.044
    3.800         3.803
    3.700         3.901
    3.800         4.009
    4.100         3.965
    3.900         3.917
    3.800         3.990
    3.400         3.784
    4.100         4.053
    3.900         3.976
    3.800         3.924
    3.400         3.834
    4.200         4.044
